id,Brand,catalog_number
2302240,Rollway,626 2RS
2302776,Rollway,6309 2RS C3
2302784,Rollway,6311 C3
2302796,Rollway,6313
2300837,Rollway,16032 M C3
2300833,Rollway,16028 M C3
2300829,Rollway,16024 M
2300865,Rollway,61838 M C3
2300881,Rollway,61930 M C3
2301401,Rollway,6011 ZZ
2301405,Rollway,6012
2301413,Rollway,6013 ZZ
2301345,Rollway,6000 ZZ
2301429,Rollway,6016
2301417,Rollway,6014
2301437,Rollway,6017 ZZ
2301477,Rollway,6028 C3
2301465,Rollway,6022 2RS
2301485,Rollway,6036 M C3
2301489,Rollway,6044 M
2301549,Rollway,6209 2RS C3
2301541,Rollway,6208 ZZ C3
2301637,Rollway,6238 M
2301565,Rollway,6212 C3
2301605,Rollway,6218 2RS C3
2301577,Rollway,6214 C3
2302733,Rollway,6302 ZZ
2302729,Rollway,6301 ZZ
2302769,Rollway,6308 2RS
2302833,Rollway,6319
2301366,Rollway,6004 2RS
2301378,Rollway,6007
2301358,Rollway,6002 2RS C3
2301442,Rollway,6018 C3
2301438,Rollway,6017 ZZ C3
2301410,Rollway,6012 2RS C3
2301490,Rollway,6056 M
2301550,Rollway,6210
2301446,Rollway,6018 2RS C3
2301546,Rollway,6209 ZZ
2301586,Rollway,6215 2RS
2301570,Rollway,6213
2301562,Rollway,6211 2RS
2301614,Rollway,6220 ZZ
2301610,Rollway,6219 2RS
2301606,Rollway,6219
2301618,Rollway,6221
2302242,Rollway,627
2302782,Rollway,6310 2RS C3
2302758,Rollway,6306 2RS C3
2302766,Rollway,6308 C3
2302734,Rollway,6302 ZZ C3
2261109,SealMaster,ERX-PN19T
2300831,Rollway,16026 M
2300875,Rollway,61924
2300891,Rollway,61940 M C3
2300883,Rollway,61932 M C3
2301367,Rollway,6004 2RS C3
2301371,Rollway,6005 ZZ
2301379,Rollway,6007 ZZ
2301415,Rollway,6013 2RS
2301387,Rollway,6008 2RS C3
2301423,Rollway,6015
2301411,Rollway,6013
2301475,Rollway,6026 2RS
2301447,Rollway,6019
2301523,Rollway,6205 ZZ C3
2301547,Rollway,6209 ZZ C3
2301543,Rollway,6208 2RS C3
2301587,Rollway,6215 2RS C3
2301567,Rollway,6212 ZZ C3
2301571,Rollway,6213 C3
2301607,Rollway,6219 C3
2301591,Rollway,6216 ZZ C3
2301623,Rollway,6222 ZZ C3
2301639,Rollway,6240 M C3
2302803,Rollway,6314
2302779,Rollway,6310 ZZ
2302843,Rollway,6320 2RS
2302831,Rollway,6318 2RS
2302851,Rollway,6330 M C3
2250006,McGill Bearing,SB 22213K W33 TSS VA
2250050,McGill Bearing,SB 22216K C3 W33 TSS VA
2252554,SealMaster,USFB5000AE-212-C
2252586,SealMaster,USFC5000A-207-C
2252590,SealMaster,USFC5000A-211-C
2252594,SealMaster,USFC5000A-215-C
2252606,SealMaster,USFC5000A-315-C
2252610,SealMaster,USFC5000AE-107-C
2252622,SealMaster,USFC5000AE-203-C
2252626,SealMaster,USFC5000AE-208-C
2252634,SealMaster,USFC5000AE-300-C
2252630,SealMaster,USFC5000AE-212-C
2252642,SealMaster,USFC5000AE-311-C
2252990,SealMaster,USFC5000-211-C
2253026,SealMaster,USFC5000E-208-C
2253042,SealMaster,USFC5000E-311-C
2253034,SealMaster,USFC5000E-300-C
2253030,SealMaster,USFC5000E-212-C
2253318,SealMaster,USFBE5000AE-303-C
2253314,SealMaster,USFBE5000AE-215-C
2253342,SealMaster,USFCE5000A-212-C
2254719,SealMaster,USRBF5520A-307-C
2254743,SealMaster,USRB5515A-207-C
2301382,Rollway,6007 2RS C3
2258067,SealMaster,ER-208C
2252584,SealMaster,USFC5000A-203-C
2252596,SealMaster,USFC5000A-300-C
2252592,SealMaster,USFC5000A-212-C
2252624,SealMaster,USFC5000AE-207-C
2252604,SealMaster,USFC5000A-311-C
2252644,SealMaster,USFC5000AE-315-C
2252632,SealMaster,USFC5000AE-215-C
2252628,SealMaster,USFC5000AE-211-C
2252788,SealMaster,USRB5000AE-311
2252828,SealMaster,USTU5000A-203-C
2252852,SealMaster,USTU5000A-400-C
2253004,SealMaster,USFC5000-311-C
2252988,SealMaster,USFC5000-208-C
2252984,SealMaster,USFC5000-203-C
2253028,SealMaster,USFC5000E-211-C
2252992,SealMaster,USFC5000-212-C
2253024,SealMaster,USFC5000E-207-C
2253020,SealMaster,USFC5000E-200-C
2253008,SealMaster,USFC5000-400-C
2253044,SealMaster,USFC5000E-315-C
2253092,SealMaster,USRBF5000E-207-C
2253244,SealMaster,USTU5000-203-C
2253360,SealMaster,USFCE5000AE-115-C
2253352,SealMaster,USFCE5000A-308-C
2253376,SealMaster,USFCE5000AE-300-C
2253356,SealMaster,USFCE5000A-315-C
2253512,SealMaster,USFBE5000E-303-C
2253560,SealMaster,USFCE5000E-207-C
2253552,SealMaster,USFCE5000-400-C
2252559,SealMaster,USFB5000AE-303
2252587,SealMaster,USFC5000A-208
2252591,SealMaster,USFC5000A-212
2252603,SealMaster,USFC5000A-311
2252583,SealMaster,USFC5000A-203
2252595,SealMaster,USFC5000A-300
2252607,SealMaster,USFC5000A-400
2252623,SealMaster,USFC5000AE-207
2252631,SealMaster,USFC5000AE-215
2252627,SealMaster,USFC5000AE-211
2252827,SealMaster,USTU5000A-203
2253003,SealMaster,USFC5000-311
2253027,SealMaster,USFC5000E-211
2253043,SealMaster,USFC5000E-315
2253379,SealMaster,USFCE5000AE-307
2253367,SealMaster,USFCE5000AE-208
2253371,SealMaster,USFCE5000AE-212
2252505,SealMaster,USFB5000A-200
2252593,SealMaster,USFC5000A-215
2252589,SealMaster,USFC5000A-211
2252585,SealMaster,USFC5000A-207
2252621,SealMaster,USFC5000AE-203
2252617,SealMaster,USFC5000AE-115
2252633,SealMaster,USFC5000AE-300
2252629,SealMaster,USFC5000AE-212
2252625,SealMaster,USFC5000AE-208
2252641,SealMaster,USFC5000AE-311
2252645,SealMaster,USFC5000AE-400
2252901,SealMaster,USFB5000-112
2252989,SealMaster,USFC5000-211
2252985,SealMaster,USFC5000-207
2253025,SealMaster,USFC5000E-208
2253021,SealMaster,USFC5000E-203
2253041,SealMaster,USFC5000E-311
2253029,SealMaster,USFC5000E-212
2253297,SealMaster,USFBE5000A-400
2253293,SealMaster,USFBE5000A-311
2255862,SealMaster,ETXP-23
2254917,SealMaster,USRB5534E-515-C
2255373,SealMaster,MFPD-54
2301524,Rollway,6205 2RS
2296597,Morse,MG500A 7/8
2301373,Rollway,6005 2RS
2302773,Rollway,6309 ZZ
2253781,SealMaster,MSFT-32
2300834,Rollway,16030 M
2300830,Rollway,16024 M C3
2300842,Rollway,16038 M
2300846,Rollway,16044 M
2300858,Rollway,61832 M
2300874,Rollway,61860 M
2300866,Rollway,61840 M
2300862,Rollway,61836 M
2300882,Rollway,61932 M
2300850,Rollway,61824
2300878,Rollway,61928 M
2300886,Rollway,61936 M
2300894,Rollway,61956 M
2300890,Rollway,61940 M
2301346,Rollway,6000 ZZ C3
2301374,Rollway,6005 2RS C3
2301402,Rollway,6011 ZZ C3
2301390,Rollway,6009 ZZ C3
2301386,Rollway,6008 2RS
2301418,Rollway,6014 C3
2301406,Rollway,6012 C3
2301422,Rollway,6014 2RS C3
2301414,Rollway,6013 ZZ C3
2301434,Rollway,6016 2RS C3
2301426,Rollway,6015 ZZ C3
2301430,Rollway,6016 C3
2301450,Rollway,6019 ZZ C3
2301458,Rollway,6020 2RS C3
2301454,Rollway,6020 C3
2301462,Rollway,6022 C3
2301466,Rollway,6022 2RS C3
2301470,Rollway,6024 ZZ C3
2301474,Rollway,6026 C3
2301478,Rollway,6028 2RS
2301494,Rollway,6200 2RS
2301486,Rollway,6038 M
2301526,Rollway,6206
2301498,Rollway,6201 ZZ C3
2301482,Rollway,6032 2RS
2301522,Rollway,6205 ZZ
2301534,Rollway,6207 ZZ
2301538,Rollway,6208
2301542,Rollway,6208 2RS
2301566,Rollway,6212 ZZ
2301554,Rollway,6210 ZZ C3
2301574,Rollway,6213 2RS
2301582,Rollway,6215
2301590,Rollway,6216 ZZ
2301598,Rollway,6217 2RS
2301594,Rollway,6217
2301626,Rollway,6224 ZZ
2301622,Rollway,6222 ZZ
2301602,Rollway,6218 ZZ
2301630,Rollway,6228
2301634,Rollway,6232
2301638,Rollway,6240 M
2253575,SealMaster,USFCE5000E-308
2260803,SealMaster,CRFS-PN12
2296704,Morse,MR500A 1-1/8FB CL
2296740,Morse,MI600A 45MM FB CL
2296744,Morse,MO600A-G 50MM FB CL
2300841,Rollway,16036 M C3
2300853,Rollway,61826 C3
2300849,Rollway,16052 M
2300845,Rollway,16040 M C3
2300861,Rollway,61834 M C3
2300885,Rollway,61934 M C3
2300857,Rollway,61830 M C3
2300877,Rollway,61926 M C3
2300869,Rollway,61848 M
2300893,Rollway,61952 M
2300873,Rollway,61856 M C3
2300889,Rollway,61938 M C3
2300836,Rollway,16032 M
2300848,Rollway,16048 M C3
2300856,Rollway,61830 M
2300860,Rollway,61834 M
2300864,Rollway,61838 M
2300880,Rollway,61930 M
2300868,Rollway,61844 M
2300872,Rollway,61856 M
2300884,Rollway,61934 M
2300888,Rollway,61938 M
2300892,Rollway,61948 M
2301348,Rollway,6000 2RS C3
2301360,Rollway,6003 ZZ
2301384,Rollway,6008 ZZ
2301372,Rollway,6005 ZZ C3
2301364,Rollway,6004 ZZ
2301388,Rollway,6009
2301412,Rollway,6013 C3
2301392,Rollway,6009 2RS C3
2301404,Rollway,6011 2RS C3
2301420,Rollway,6014 ZZ C3
2301416,Rollway,6013 2RS C3
2301424,Rollway,6015 C3
2301432,Rollway,6016 ZZ C3
2301436,Rollway,6017 C3
2301440,Rollway,6017 2RS C3
2301456,Rollway,6020 ZZ C3
2301448,Rollway,6019 C3
2301444,Rollway,6018 ZZ C3
2301472,Rollway,6024 2RS C3
2301460,Rollway,6021 C3
2301476,Rollway,6028
2301484,Rollway,6036 M
2301500,Rollway,6201 2RS C3
2301492,Rollway,6200 ZZ
2301512,Rollway,6203 2RS
2301540,Rollway,6208 ZZ
2301532,Rollway,6207
2301520,Rollway,6205
2301556,Rollway,6210 2RS C3
2301564,Rollway,6212
2301560,Rollway,6211 ZZ
2301580,Rollway,6214 2RS
2301588,Rollway,6216
2301596,Rollway,6217 ZZ
2301576,Rollway,6214
2301584,Rollway,6215 ZZ
2301608,Rollway,6219 ZZ
2301620,Rollway,6222
2301616,Rollway,6220 2RS
2301612,Rollway,6220
2301624,Rollway,6224
2301628,Rollway,6226
2301632,Rollway,6228 M
2301636,Rollway,6236 M
2302232,Rollway,609 ZZ C3
2302732,Rollway,6301 2RS C3
2302764,Rollway,6307 2RS C3
2302748,Rollway,6305 C3
2302744,Rollway,6304 ZZ C3
2302768,Rollway,6308 ZZ C3
2302756,Rollway,6306 ZZ C3
2302800,Rollway,6313 ZZ C3
2302792,Rollway,6312 ZZ
2302808,Rollway,6314 2RS C3
2302804,Rollway,6314 C3
2302780,Rollway,6310 ZZ C3
2302816,Rollway,6316 C3
2302812,Rollway,6315 ZZ C3
2302820,Rollway,6316 2RS C3
2302824,Rollway,6317 ZZ C3
2302832,Rollway,6318 2RS C3
2302828,Rollway,6318 C3
2302836,Rollway,6319 ZZ C3
2302840,Rollway,6320 C3
2302844,Rollway,6320 2RS C3
2302848,Rollway,6324 C3
2302852,Rollway,6336 M
2257668,SealMaster,EMP-210
2302239,Rollway,626 ZZ C3
2301381,Rollway,6007 2RS
2301365,Rollway,6004 ZZ C3
2301361,Rollway,6003 ZZ C3
2301385,Rollway,6008 ZZ C3
2301389,Rollway,6009 ZZ
2301393,Rollway,6010
2301397,Rollway,6010 2RS
2301409,Rollway,6012 2RS
2301425,Rollway,6015 ZZ
2301421,Rollway,6014 2RS
2301433,Rollway,6016 2RS
2301441,Rollway,6018
2301445,Rollway,6018 2RS
2301449,Rollway,6019 ZZ
2301453,Rollway,6020
2301457,Rollway,6020 2RS
2301473,Rollway,6026
2301469,Rollway,6024 ZZ
2301461,Rollway,6022
2301497,Rollway,6201 ZZ
2301493,Rollway,6200 ZZ C3
2301501,Rollway,6202
2301481,Rollway,6032 C3
2302730,Rollway,6301 ZZ C3
2302726,Rollway,6300 ZZ
2302746,Rollway,6304 2RS C3
2302762,Rollway,6307 ZZ C3
2302750,Rollway,6305 ZZ C3
2302774,Rollway,6309 ZZ C3
2302790,Rollway,6312
2302770,Rollway,6308 2RS C3
2302786,Rollway,6311 ZZ
2302794,Rollway,6312 2RS
2302798,Rollway,6313 RS
2302802,Rollway,6313 2RS C3
2302810,Rollway,6315 C3
2302806,Rollway,6314 ZZ C3
2302818,Rollway,6316 ZZ C3
2302826,Rollway,6317 2RS C3
2302822,Rollway,6317 C3
2302814,Rollway,6315 2RS C3
2302834,Rollway,6319 C3
2302830,Rollway,6318 ZZ C3
2302850,Rollway,6326 C3
2302846,Rollway,6322
2302842,Rollway,6320 ZZ C3
2302838,Rollway,6319 2RS C3
2302854,Rollway,6344 M C3
2301517,Rollway,6204 ZZ C3
2301529,Rollway,6206 ZZ C3
2301521,Rollway,6205 C3
2301537,Rollway,6207 2RS C3
2301525,Rollway,6205 2RS C3
2301553,Rollway,6210 ZZ
2301561,Rollway,6211 ZZ C3
2301569,Rollway,6212 2RS C3
2301573,Rollway,6213 ZZ C3
2301581,Rollway,6214 2RS C3
2301585,Rollway,6215 ZZ C3
2301589,Rollway,6216 C3
2301597,Rollway,6217 ZZ C3
2301593,Rollway,6216 2RS C3
2301601,Rollway,6218 C3
2301609,Rollway,6219 ZZ C3
2301621,Rollway,6222 C3
2301617,Rollway,6220 2RS C3
2301613,Rollway,6220 C3
2301629,Rollway,6226 C3
2301625,Rollway,6224 C3
2301641,Rollway,6244 M C3
2301633,Rollway,6230 M
2302229,Rollway,608 2RS
2302225,Rollway,607 2RS
2302233,Rollway,609 2RS
2302741,Rollway,6303 2RS C3
2302749,Rollway,6305 ZZ
2302757,Rollway,6306 2RS
2302765,Rollway,6308
2302777,Rollway,6310
2302761,Rollway,6307 ZZ
2302789,Rollway,6311 2RS C3
2302793,Rollway,6312 ZZ C3
2302797,Rollway,6313 C3
2302801,Rollway,6313 2RS
2302809,Rollway,6315
2302813,Rollway,6315 2RS
2302829,Rollway,6318 ZZ
2302821,Rollway,6317
2302817,Rollway,6316 ZZ
2302841,Rollway,6320 ZZ
2302825,Rollway,6317 2RS
2302845,Rollway,6321
2302853,Rollway,6338 M C3
2302849,Rollway,6326
2296390,Morse,700A-1 TL 1-1/2 FB
2300835,Rollway,16030 M C3
2300843,Rollway,16038 M C3
2300839,Rollway,16034 M C3
2300855,Rollway,61828 C3
2300851,Rollway,61824 C3
2300847,Rollway,16044 M C3
2300859,Rollway,61832 M C3
2300867,Rollway,61840 M C3
2300871,Rollway,61852 M C3
2300863,Rollway,61836 M C3
2300879,Rollway,61928 M C3
2300895,Rollway,61956 M C3
2300887,Rollway,61936 M C3
2301351,Rollway,6001 ZZ
2301375,Rollway,6006 ZZ
2301391,Rollway,6009 2RS
2301403,Rollway,6011 2RS
2301395,Rollway,6010 ZZ
2301419,Rollway,6014 ZZ
2301443,Rollway,6018 ZZ
2301451,Rollway,6019 2RS
2301427,Rollway,6015 2RS
2301431,Rollway,6016 ZZ
2301439,Rollway,6017 2RS
2301467,Rollway,6024
2301459,Rollway,6021
2301463,Rollway,6022 ZZ
2301455,Rollway,6020 ZZ
2301471,Rollway,6024 2RS
2301483,Rollway,6034 M
2301495,Rollway,6200 2RS C3
2301479,Rollway,6030 2RS
2301487,Rollway,6040 M
2301507,Rollway,6203
2301511,Rollway,6203 ZZ C3
2301527,Rollway,6206 C3
2301531,Rollway,6206 2RS C3
2301559,Rollway,6211 NR
2301563,Rollway,6211 2RS C3
2301579,Rollway,6214 ZZ C3
2301575,Rollway,6213 2RS C3
2301595,Rollway,6217 C3
2301583,Rollway,6215 C3
2301599,Rollway,6217 2RS C3
2301615,Rollway,6220 ZZ C3
2301611,Rollway,6219 2RS C3
2301619,Rollway,6221 C3
2301627,Rollway,6224 ZZ C3
2301603,Rollway,6218 ZZ C3
2301635,Rollway,6232 C3
2301631,Rollway,6228 C3
2302727,Rollway,6300 ZZ C3
2302747,Rollway,6305
2302743,Rollway,6304 ZZ
2302755,Rollway,6306 ZZ
2302767,Rollway,6308 ZZ
2302735,Rollway,6302 2RS
2302759,Rollway,6307
2302771,Rollway,6309
2302787,Rollway,6311 ZZ C3
2302791,Rollway,6312 C3
2302775,Rollway,6309 2RS
2302807,Rollway,6314 2RS
2302811,Rollway,6315 ZZ
2302799,Rollway,6313 ZZ
2302795,Rollway,6312 2RS C3
2302815,Rollway,6316
2302823,Rollway,6317 ZZ
2302819,Rollway,6316 2RS
2302835,Rollway,6319 ZZ
2302827,Rollway,6318
2302847,Rollway,6322 C3
2302839,Rollway,6320
2249970,McGill Bearing,SB 22212 C3 W33 TS VA
2252646,SealMaster,USFC5000AE-400-C
2252994,SealMaster,USFC5000-215-C
2252986,SealMaster,USFC5000-207-C
2253046,SealMaster,USFC5000E-400-C
2259551,SealMaster,SFC-30
2301398,Rollway,6010 2RS C3
2301506,Rollway,6202 2RS C3
2301518,Rollway,6204 2RS
2301578,Rollway,6214 ZZ
2250229,McGill Bearing,SB 22230 C3 W33 TSS VA
2252544,SealMaster,USFB5000AE-200-C
2252588,SealMaster,USFC5000A-208-C
2252608,SealMaster,USFC5000A-400-C
2252744,SealMaster,USRB5000A-408
2252996,SealMaster,USFC5000-300-C
2253032,SealMaster,USFC5000E-215-C
2253240,SealMaster,USTU5000-115-C
2252605,SealMaster,USFC5000A-315
2253005,SealMaster,USFC5000-315
2252993,SealMaster,USFC5000-215
2253033,SealMaster,USFC5000E-300
2253045,SealMaster,USFC5000E-400
2255561,SealMaster,RFP 408
2253006,SealMaster,USFC5000-315-C
2301468,Rollway,6024 C3
2301452,Rollway,6019 2RS C3
2301548,Rollway,6209 2RS
2301568,Rollway,6212 2RS
2302752,Rollway,6305 2RS C3
2301377,Rollway,6006 2RS C3
2301513,Rollway,6203 2RS C3
2302781,Rollway,6310 2RS
2302837,Rollway,6319 2RS
2302805,Rollway,6314 ZZ
2252643,SealMaster,USFC5000AE-315
2252991,SealMaster,USFC5000-212
2252987,SealMaster,USFC5000-208
2252983,SealMaster,USFC5000-203
2253023,SealMaster,USFC5000E-207
2252995,SealMaster,USFC5000-300
2253031,SealMaster,USFC5000E-215
2301519,Rollway,6204 2RS C3
2302783,Rollway,6311
